image: nagymap.pgm
resolution: 0.100000
origin: [-13.508946, -11.909631, 0.000000]
negate: 0
occupied_thresh: 0.65
free_thresh: 0.196

