image: nowallmap.pgm
resolution: 0.010000
origin: [-3.388761, -3.449619, 0.000000]
negate: 0
occupied_thresh: 0.65
free_thresh: 0.196

