image: st123_2.pgm
resolution: 0.010000
origin: [-3.702712, -3.750776, 0.000000]
negate: 0
occupied_thresh: 0.65
free_thresh: 0.196

