image: st123_4.pgm
resolution: 0.010000
origin: [-3.110384, -2.614662, 0.000000]
negate: 0
occupied_thresh: 0.65
free_thresh: 0.196

