image: twoobs.pgm
resolution: 0.100000
origin: [-1.769432, -1.254361, 0.000000]
negate: 0
occupied_thresh: 0.65
free_thresh: 0.196

